$ANSIBLE_VAULT;1.1;AES256
62613263323261643033656561376532613261346439323837353964613939373530363465373334
3239353231313364356165336661383661353134623538650a303535316261626538633263636161
37356266396530356637666265626661363439353362636234303563346561326464663033336632
3532326332323364650a383066306435393664333265316233623563623462663235393561353965
66376233303061666163333365636636653932363864386266303564376436623162613264323531
65323061303966356364353539306336343931376436373637656431366639323334326261326239
37373465313865326163326538323032366564376536633065383330626661323836366431356434
32306538363738646561633861636637336663373031363334313933373732626364643161663730
38316364646266623533616435363331633564323734636434373033353030633338643461303532
37323566626434386338666633636436316666386230353666663439626638383639336630393233
363936383830343330356562623834343763
