$ANSIBLE_VAULT;1.1;AES256
34303861613835386138396430303363353937383537373436343762313666346439326261303738
3239386334653435393537386432343338333666633839620a613362616361373437313265366233
34653866663062346464313439313139323663353663623432373730393362383665356236636434
6532343464393932620a653339663832633536643163663262613263353166643137306538393434
30343761383564326632616161643932616361363939353838636262613762633164643631366638
36323032383861383736383236376137333565666162333939636261306461373263303037616137
35303465383635616364343930346366383863363066613036626532663039383134663439663835
35366430323831636266653738393831333731393038366430373334353438633038616138633432
38323031623663653033346431646466376464623836623965623739393735643733643765353063
35343832613237636130623366376536663665313961666661343438373332616334663734343032
30623265653337343966666665383662323739653730323530633032643035316335303735643631
62356363653834343230396365656539333734313661333432646639383462383166363564626565
33613335643531323634336437333238626233643262336636313836653835303263633434363930
39323961316364303339663662663734383039366363356535336633303637376161616462383937
64623233666261366162313763373535623038363538303266376161343562333433326638616539
62353536333965306461646637393563393166656137363165396636316464303034303834353365
63666465626264366136343862373832333566616462363431383861376362393530393039656364
65316562313166393839646166306663653530306237303533666362363939633163336435663766
64333364653234656635306638333862393332326431653965363832373031353733623630383162
35643863363133623265333634363531343365363634383030333537333838393463306165623763
36353330356630363732343034393836363533643637663033353539343238633564356131646434
63653863643438323531366637333563373335653064666364393534316138616265346632356665
35633962616432316436303132313933333565343261353331326266313533306230313166633931
39393633376638626533623566333766356434333861626631366533616534336463316661353437
33343762313730333432623666316162333035633932653233666261366134383239666631303032
61363736343065623636356431323463356233663736383534653466326432653365323834323938
37633337333862356264393135323732616438663534393338336261653361646238313536663834
61396639356466653833303262666532393563383639393336663339653036643530646337353139
30393334343561303963353165633730383164663832333761373863323838333263326663326561
66383930303161643132303839616433356633366438623363373436633532313032613938303133
62623733303365373234333034636663343034613535653632313937623330613039653839353033
66303136633130623432666236366231613636646133633137376638633232383232363334303833
37653831656539643535633565636663316437373135666133336630306532613233656364383630
66623734663837633139316435393063373765646230323336613538653961613734346137343161
30353835343766626533313233353462333362323630666230626462396338616430633433343138
35343436626564623935303135366164353761313734353364653130663035613966666635336562
63316137626161356238373537373339663236633866356437663061373036663037363534653837
38666665363337346233636564313037373833373562383163623261633133636335333733663161
39316261346666343734356233633339626663316362656238633731363161636636323033613661
61363636323532313461373738623335383939333966666634623335376634643361643034313262
38643136633965663734316231393530373162346664336264343732373737316130313432356236
64343262636465393231666665316233626439393232333233373436366462303030373839376562
36303536653132343361343633393064316233313064663737616336353332383966643331613234
31363061623333346336616262353535353435333937613235323336366661633736613135326537
34646235393961316339396665353738643337343161393936333639383866316635386564663265
38663638363063333934343335656366653834323831376264356534306233636337303765316466
66666361366561373962343463613038646134383336333537633030353230623630343632326234
39653135393934646563306363656533643864616465336362316636386365386162323863663937
65306432363830633033316536383331616535323034376466393534356631636365393233613633
66626330343534393635666438346337396531353432633835366131666462323434353532666133
62383963393163616337653066633530666238623666646131333530366231363437353063346236
64323435643730653331303134363530333233376161623437613036613265653234313335383234
65633637343631333861333538323934663766643631633634333831346166386165313431386665
66376265626437363437653533393064613837613035343736613063373138636662643930396232
66653532656431373063373534323731353865306631363138333461316163616531656237306636
64623034363037643466353664663663653335353561666533326133613435636165343335363166
38323764393430376537353862643662623437376366323163366663653062633239653732613566
30613364643238643363303439396537386464383531366130393838656233363963386432323732
37643265313963336430656563366535303238653932626533346439323537643931643062626638
31623466633034626432626536616661383739346438363364353031643562376537376338633066
34353837346465613337636266346366623764666532326465326534646463366637383032343238
34653865663464336531386565333834313536656364666562343061383937356330393838653833
63663564393035343734613565343938366566343332653131613736313536666566646336363961
34303165383135663833333838396134666132643337326234633861633335373630346462633264
32306530613563353839393064623535346135363164663938666538643339633965363431363735
63316664663039666430313633303939363062356163393332666339663732353033386566393662
36623332663764353961386136313534353130363966306431303739666361323135363365653966
61356537383933333731363864356436313464373631363337396131346661306263343732353736
37323061646362633631373065343532633831653563363463653937356566396233326333326432
61303966613934393636353466326437366531343738366361623664653261306633656464366166
62336634363630643362336436333165376536353535333963306637303166393262353235333264
30316237393733323839663931646533383330376662646338616438346235653038613261386631
65613839666463323631316430356132666236663238323033363962616162303861616336346634
34643165633738616235666365666163653937393732326133313939643730663262383836363034
61366563306262646166663261313466376439633931306163643733636137316363633261313535
66366363323233356236623537343835383232326234313035616130323531333061646662383164
30333361343430663464356465393339623963363934396536386531376661306234616638386134
33653861383334656334323637633232663030313861363262303863343730303736633266333939
38326664313363323633303265313032373833636334393631346563616464353538616665636130
39663565643938353338313565393965643033643335333638636532316338363636643031303132
38363333306461636430626562636433626131323833373435623939373963613334366437366164
37343238653935376337633634333835646331616561383161623765336439303433663265323462
32383735383862636237626435383263353133643436623261636530363036323262613033363930
63333861613435656263336665643064633736396239653962383866633237393036363336353135
32366662626537373536643233313038643932633631666336323335346463326362626564373539
34663838623538353233313237363634633565356439333835353961663264313466633134303066
66633837326538663030343666393838303631616465353866366133366163633230363362323962
38636436393838666534383363633062373931643561613931326133363966326531366666396630
65303138373838376665326130393138646438323738353337623234393765336132653765626662
39386436343961613432653265333437353131316362636433373930363137303739396630613436
63643265636435383738613834613139336437363539336265613337663864366339396563666366
64383334303235326634646532396435613139386463363535363631656166393639643231326563
38633732616365356433636363373164633064623137363864373862333631666534656231656366
31306238306664366463613861613266643566353137323235666236303764333335366634363366
38336365333662303733386263653139326362313135336137393164623137663563363931333063
62346264623963633235363631353234376664303233363466633233313534383131616538343562
39363335393236396535613633363734643933303431343062383335353231643231376662626162
30633763386638396535376463643965316633363966643835633461656431656264613963316539
37646161353765323266623462333965343335623730656566363031623165653530666131363139
62376164336138366636616431373763356561326232306537366634393530396563363433386632
62333539383739666463663330643263376366613061376136623236616334373134306434633865
33393133643435323631663033326335376234346564653836343464383533376662663030346537
62613765333163646538373330386537343266653337333265643561623130636437306132613665
31396136393064393234353039393531636230373231396333356137626431653464373839306134
35306430386434653934616661623965396563303763303536373633303236646461613365356633
64636434393238613738623161316361313738373535303866303735376361643363636533323163
30636636666437386231623761306134353832373233306334353031613461646463643037386130
31343561396564666134333065316638623363353862346362383764306638646362643365363361
35646437666566363666383364653565306530343739373536353034623235646665396538366230
34346666373535313638306137356337613165313435326534656136363538633437623532303463
66336165353630333334643766343530653334313462366136333862646537356262333034313332
65653238656464663863346330656132373865666438346264376431303230393436356330663561
31353135303666376665616231383338383266323063366363323934306261373562376232633962
39666234666536306231636138646665373637616161623735613730313337653336366534613063
32306535636539356135303364336137353865366363663465376663396137353762333431313130
39306132393735366336383935396230393134376561636233643936336538666130656236323437
66316266613865303564613036353337383234383733386433636235613735306263646164663039
35663633376564366132393535323835333065623236333232346433616661393164666630333662
37393638666436386131353431383863323032393765343731306530373030646433373861303763
64306236386438383235393966616438383333386135376264386432626235363238643536336530
62666538393631666365396135656332656535623562656536663630653234343037353866306635
61326364393363356562356135383431323633356633393233636364646636373866376466383732
35356232633937313334346662643361653532346664383135376338623136353663626239666130
34346638316438366165633134393363653338316435303461356233316637303762646266326536
31323536663738316665663737643339316232643638386532613061356231353933666636313765
63343864653731366664316162616334366439616537326439616235303931323035336134343332
63303831613434363162376161626130643130363935323433383539626434613633306533613037
37343233666437366162333637623738646638376564653030303138323536313430363034656232
63306534626461353738323962323764636435353665336131326633663863303834353862376464
35323066393830653466336533613836643365346332353639313734356463366237656435313636
39363363393961343165376263663266366439343565313530386139653334613464376432323832
39643136316163396562323635303132386137663761333531336565613136353934326530393230
64396661393335306534346338396365366231336538616539363361333232383464353435353239
61343332663761643936346266643939366162316563383633626430343763643534376563386332
37376361386566653634626334393035343830643832656661376132653733323132333034656236
37643865333731336334656138396632653538613361343365303233663633653865313663356633
35303839303839373463663431393030383735333364383266623166626231346337666534646163
38616633313464363630373232396464616135303662646335303732633462623731393263626463
64666530663432666163616332353762336632633635313761303263363135656166656439343933
34333934623665663031303533323561313030383938623264353430613762346561353865376637
33613663323937333633303935336664393730306232663637363561313065313530663235383663
64613534353833353931636361656333643038383331303331616562326363666563633262373430
35376433323063353433623733666633616439303433353064373538653738396135353263386566
64363336313439663661346538393435663764333338336161386264646333306636663837396666
37623763633737386562626561646464396538343362363236653431633264646563346438636365
62383930336631616564633035363739613664633339666131663633633435396335383864346237
61333665633463646661396436356636636565346564306464386466343734303233366435633165
62356134613463376462353238353264363639613634396534353830616366613636653932623165
36383766383966656634356139333338653666366238363236313030633832353764663835653766
39643537303138626433643934643335383636316432643266363436356237616133323563313431
63323364633763326337666236636566316239313364663862653764353966306634663938386462
36373365353962346431376265623466623662333035323037346466333235653737396362656465
34393661363436623565666665383663666465333534393938333935363562373734616435343264
64643836393134643339393933393032313066323833666562373531393563616139333934343661
39343431656336376566343032306165373861663465663737333464373132366432623937363834
32326364306330343536623963613739613531396461313063313762633362396662323332366535
66393834386661626566366435626436663761333537623639306565303638303037626535353662
62363165313062336462323663306565643134623339356561386138323739626433316138653039
63306364393230316333393930616635336434656532623837353331653131653866663230363464
62323866323636656364363534653361643331366463366337353164383832633836386166323164
32303965366665653130313530333932386535376639656338663764306365643734613937376631
32383166366339623139343232333338316461616238363538393836393438653738646431323965
66356538323835613361333766303539353233353161313066386563633933666661383561346139
39616162353561626130666261393962386434323335643439366237323966343130646339343536
39613662313864343466656264323031666638323734663462333032643039343966653832363534
33643031323633623030396534326462643864633932353962336562343133666136616539373836
33336436303164336561616234333439326136393165653530363461633537343662616336366363
36623963643336366433333638303938616433386637336437363735383135326565636561313036
64323136626264656433323938303935326136326236303336333739343037323261376462623664
66383634373834623866613564343930633461323230326162613962346437363839363362613565
33333233356235333935313939313733353337313037366462363031626635616566613435653034
61616434323364376233356561373263363465636635343631616466303734613033313365366533
62363530313563353734303430333437306661303734636639336235323761316363383761363765
34643163333133323037373262633765383433376334326133393962623565636331613135656633
66353232346634316462633065376563386161616263626438363232663830616166336565643833
38363033346133333532373139633061313265333862316161316435303463356263326334656666
36613630353537323230616563303761316134663038333737363366613538663332643839653231
66323366363231643939633337383130323533616662353037363234326165616261336532393737
35633634366464653365376133306430653365396538373237663965613065626165303135666535
66366430316430663062386437636531626338643732366539636537353430656437623136663662
31303732323532316637343837303666653662343032366265636363623061383631303531633038
35623864373037376366633938656439663766343839333962343437653730306531346630386563
64623739373830353231303066633035663761623035363862336430623636636433333836373761
66333562383665386437656338653039323262303261663230373531656638386664383564393630
63666433616161653264356431643863653061366134353439323031316438653236666566326638
32663839643930663238663734623665656439356434626436633035626435323334376331636365
32336634366438623530326563633638323266393135353961326239316230616236646132636561
34396331393165373735633766616364363332393965346434626532383563303061623131616161
66656433613964363661363331326233333161643563666665613537323363343835336235366662
64313865373239316261383964306461663362653536663136323162653165623063636365666330
66353132373461616532356337623738346661646234333562366666333430333666333933346664
65323362656139326664633761303537363263363038366262646635626263613932663933656634
31353835633866363665663230666639326164343936666430396462386134633838366534656462
34386561393934363431646530386364396632623938633239366234613963343531326664343538
34376261633262336335393563326537343438366364613364373264383361313035626266323237
34653063343462373562653635346332633464396530396266633039393531323033316362383738
31383230316365313833316337616431363930373861313935373935613431633931323933623263
63616634323962623639623866633936666431386133626362336361306535333632646264663932
63326263313839393662323837343366323539323931363736636565336530666637623965356533
36333864373238343162343431373931376266313836393935363165623335323464663863343966
32653931613739623533303861336462633761666532663731366362663438326666663939356535
36386633306465353836663063353666333138393032353366393930666136313934623534613438
62616364363136343133383836343430396264386136333931656335333863353834656661613130
35323337326639373930303538656336623231646436373839366336616438383030633036376339
31616135393131333332613735653463613631656335303534313534386632386530633565356665
36396430343365636333326163343334376139356539396165646166636337633564616261383338
62316161633931373363316632343434363433623135393432623330323061356130376563633666
63313363376664376262316161626533343534623836303030303039633233623230393738336366
63326266353864613664353737393365626364646534323438343935323637313138333965383336
30333032366263313362653661396561643262376338303861616465376439623966316362336437
64363431643138623534386137323037663962653939636339383361636364653132363534633734
35326362643165323461653930383939643539663939306239396634326666376566373765393961
63346632393730323934363036343966363937336439653764663539363461303065623632663038
63376663393263343034303663646231373163333938333331326232613331373665326537353336
33313666613533363037336431396263633131306666393737653330366433393132646663343434
65336531633235306462633933643836323664643136306561393566363334346631313130646639
35613161353563393161643064313866663139396164643035663037353232663466
